NDIM=+2.0000000000000000e+00
N_BLADES=+1.2000000000000000e+01
N_SECTIONS=+1.0000000000000000e+01
N_CHORDWISE=+1.4000000000000000e+01
CASCADE_TYPE=ANNULAR
VANE_KIND=CONV_DIV
x_in=+3.3251058993320912e-02
y_in=-5.9403555052083747e-03
chord_axial=-1.0112218047495477e-02
spacing=+0.0000000000000000e+00
inlet_length=+0.0000000000000000e+00
outlet_length=+0.0000000000000000e+00
x_hub=
z_hub=
x_shroud=
z_shroud=
PARAMETRIZATION_TYPE=CAMBER_THICKNESS
stagger=-6.2516013218728830e+01
theta_in=-7.3890268549980377e+01
theta_out=-4.5498829812889234e+01
radius_in=+2.8448083557849201e-03
radius_out=+2.9417689523940713e-04
dist_in=+5.4554323555548269e-02
dist_out=+4.0075189904647179e-01
thickness_lower=0.0001, 0.022065055589249125, 0.002994164793496711, 0.0038422289741926415, 0.0027857716151535408, 0.0019816458001604394, 0.0005788329843524904, 0.0003105184482485871, 0.0008159912799234374, 0.00014131290648553962, 0.000176422212472171, 2.226987643918993e-05, 0.0001, 0.0001
thickness_upper=0.0001, 0.01, 0.003154253194375216, 0.003692597742670134, 0.0032308872720694095, 0.0022418537346993984, 0.001465183941142559, 0.0010344468680005597, 0.00030336256247322506, 0.00013780702929333028, 0.00016956530799655837, 7.456225524555574e-05, 0.0001, 0.0001
u_sample_lower=0.0, 0.0, 0.12715121144825062, 0.25788138300612456, 0.4242076553436828, 0.5230600459409461, 0.710662823389193, 0.7899409597626974, 0.8808108200988984, 0.9233613099511461, 0.9474477828865095, 0.9908426939292458, 0.99, 1.0
u_sample_upper=0.0, 0.0, 0.15044243760955991, 0.29411078220008674, 0.3532239716198719, 0.4501144472815148, 0.6051586949017682, 0.6666499934450094, 0.7857138122120993, 0.884007636375874, 0.9389944001845796, 0.9953982492149434, 0.99, 1.0
PLOT_FORMAT=MATPLOTLIB
OPERATION_TYPE=SENSITIVITY
PRESCRIBED_BLADE_FILENAME=MoveSurface.txt
MESH_ADAPT=False
FIX_THROAT=True
MESH_SHOW=False
TARGET_SIZE_BLADE=+2.0000000000000001e-04
TARGET_SIZE_DOMAIN=+2.0000000000000001e-04
INFLATION_LAYERS=+1.0000000000000000e+01
INFLATION_RATIO=+1.0000000000000000e+00
INFLATION_THICKNESS_FIRST=+5.0000000000000004e-06
INFLATION_THICKNESS_TOTAL=+2.3434782608695662e-05
