NDIM=2.0
N_BLADES=12
N_SECTIONS=10.0
N_CHORDWISE=14
CASCADE_TYPE=ANNULAR
VANE_KIND=CONV_DIV
x_in=0.033251385026686835
y_in=-0.005949866452270086
chord_axial=-0.010103244627338111
spacing=0.0
inlet_length=0.0
outlet_length=0.0
x_hub=
z_hub=
x_shroud=
z_shroud=
PARAMETRIZATION_TYPE=CAMBER_THICKNESS
stagger=-62.516013210013135
theta_in=-73.89026855010431
theta_out=-45.49882981284663
radius_in=0.002844808214143848
radius_out=0.00029580982313278504
dist_in=0.05455430210186625
dist_out=0.40075193810109255
thickness_lower=0.0001, 0.022065055589249125, 0.0029941648043212052, 0.0038422289766451906, 0.002785771613410627, 0.001981645734647963, 0.0005787922374882064, 0.00030763875209093206, 0.0008076127208237687, 0.00013815959415469759, 0.00017561059191383173, 2.2328983900517646e-05, 0.0001, 0.0001
thickness_upper=0.0001, 0.01, 0.003153443171985828, 0.003686231866044283, 0.0032244125291680187, 0.0022412497705683646, 0.0014660540067550276, 0.0010342510342937674, 0.00029882115403666434, 0.00013391773377343925, 0.00016950037681604337, 7.869979821627312e-05, 0.0001, 0.0001
u_sample_lower=0.0, 0.0, 0.12715121144815625, 0.25788138300603924, 0.4242076553436705, 0.5230600459402884, 0.7106628232114787, 0.7899409518601798, 0.8808108181553559, 0.9233613109725533, 0.9474477801049338, 0.9908426849074755, 0.99, 1.0
u_sample_upper=0.0, 0.0, 0.15044243598146928, 0.29411075743113574, 0.35322394043064514, 0.4501144445062831, 0.6051586996324084, 0.6666499984434819, 0.7857137969756176, 0.8840076248491378, 0.9389943982302629, 0.9953981783025679, 0.99, 1.0
PLOT_FORMAT=MATPLOTLIB
OPERATION_TYPE=SENSITIVITY
PRESCRIBED_BLADE_FILENAME=MoveSurface.txt
MESH_ADAPT= NO
FIX_THROAT= True
MESH_SHOW=NO
TARGET_SIZE_BLADE=2e-4
TARGET_SIZE_DOMAIN=2e-4
INFLATION_LAYERS=10
INFLATION_RATIO=1
INFLATION_THICKNESS_FIRST = 5e-06
INFLATION_THICKNESS_TOTAL = 0.000023434782608695664
%parent_folder = ./